;darts î’palette

;r	g	b

;Ç‹Ç√ÅAbg3ÇÃÇ‚Ç¬ÅB

00	00	00
03	03	03
06	06	06
09	09	09
00	00	00
00	00	00
00	00	00
00	00	00
00	00	00
00	00	00
00	00	00
00	00	00
00	00	00
00	00	00
00	00	00
00	00	00

00	00	00
00	00	00
00	00	00
00	00	00
00	00	00
00	00	00
00	00	00
00	00	00
00	00	00
00	00	00
00	00	00
00	00	00
00	00	00
00	00	00
00	00	00
00	00	00

;ë±Ç¢Çƒbg2

00	00	00
0b	00	00
0c	01	01
0d	02	02
0e	03	03
0f	04	04
00	06	00
01	07	01
02	08	02
03	09	03
04	0a	04
0c	0c	00
0e	0e	00
11	11	00
10	10	10
1f	1f	1f
